25 100
13
0 10
1 5
10 1 2
6 3 4
2 3 3
3 5 5
6 5 1
3 1 8 50 -1
3 5 2 7 -1
2 5
1 5
1 2 2
9 7 3
8 10 1
10 5 5
1 7 5
3 1 8 10 57
3 2 5 31 133
1 5
8 6 1
4 6 4
4 1 1
7 8 8
2 7 2
3 5 9 57 190
2 1
3 1 6 40 20
3 4 3 80 38
9
0 10
1 2
7 6 1
9 8 4
1 1
5 2 5
1 1
2 8 3
1 1
8 1 1
2 4
2 9
3 1 9 49 76
3 1 5 57 152
9
0 15
1 2
9 10 3
11 1 2
1 3
15 10 1
15 2 4
12 3 4
1 2
2 7 5
5 6 1
1 1
1 7 4
2 9
2 11
3 11 7 66 76
3 10 5 110 -1
9
0 17
1 2
10 16 3
7 11 5
1 1
15 17 5
1 3
6 15 2
5 2 4
2 14 1
1 3
15 9 1
10 14 2
4 9 3
2 4
2 15
3 17 4 52 111
3 4 15 60 16
9
0 20
1 6
14 10 3
16 9 5
12 18 2
13 15 3
13 10 4
5 12 5
1 2
12 20 1
7 8 3
1 5
20 18 2
16 6 3
19 7 4
2 4 1
11 8 3
1 4
7 10 3
1 18 5
9 6 3
20 4 2
2 15
2 8
3 4 5 86 95
3 4 1 16 171
10
0 20
1 4
18 14 5
19 12 5
1 19 3
20 1 4
1 4
14 20 3
20 13 6
18 2 5
6 8 5
1 2
2 1 2
15 18 2
1 4
4 2 4
5 10 3
17 8 1
19 15 5
2 8
2 12
3 13 1 55 190
2 18
3 1 19 10 57
11
0 23
1 4
1 15 6
19 10 6
10 4 3
15 22 4
1 5
19 7 2
22 23 3
15 4 6
13 6 4
3 5 5
1 5
17 9 3
7 23 6
11 6 7
5 14 2
11 2 5
1 3
23 5 5
1 21 2
4 9 7
2 4
2 10
3 7 22 116 57
1 2
18 11 7
13 17 1
3 15 19 118 171
3 10 14 121 304
12
0 25
1 5
6 23 8
9 20 8
2 17 1
24 17 7
17 5 2
1 4
5 10 1
12 24 2
24 23 7
10 21 5
1 7
6 7 4
2 16 6
14 8 2
19 6 7
5 15 2
23 9 3
14 15 4
1 3
20 4 2
16 7 1
16 25 7
2 20
2 10
3 12 20 198 190
1 7
4 14 7
9 21 8
3 22 6
13 11 5
25 3 7
7 3 7
21 22 1
3 25 5 128 190
3 23 3 107 266
3 25 19 115 266
13
0 28
1 9
27 19 5
13 18 1
25 2 1
1 18 9
24 12 7
25 15 4
16 18 7
12 14 3
1 22 1
1 2
3 7 3
6 3 5
1 6
22 20 5
24 13 1
26 15 5
13 7 7
8 14 3
9 19 5
1 3
2 9 6
12 27 3
17 22 8
2 26
2 15
3 8 16 208 209
3 25 3 110 646
3 9 17 211 570
2 9
3 27 26 189 159
3 17 12 62 494
14
0 30
1 2
16 29 1
19 6 1
1 9
14 29 4
15 19 4
5 11 4
1 2 1
15 29 7
8 20 3
4 5 4
7 9 7
10 5 7
1 2
23 18 1
1 20 6
1 3
15 20 10
28 21 7
12 24 7
2 17
2 20
3 2 29 75 437
1 8
16 30 7
30 9 3
16 9 8
25 6 4
27 11 3
6 12 10
7 21 4
2 13 1
3 30 2 293 323
1 6
1 23 8
25 8 10
24 13 7
4 18 4
25 23 6
24 17 1
2 25
1 9
27 7 6
8 10 5
27 22 1
12 19 5
11 2 5
17 10 3
18 3 7
3 22 9
4 22 5
3 17 7 230 209
15
0 30
1 2
29 8 7
2 13 5
1 3
27 5 9
5 25 1
15 30 10
1 4
9 30 8
17 19 4
19 30 3
9 8 10
1 6
18 12 8
15 29 4
15 19 4
17 3 1
10 27 10
16 23 10
2 15
2 3
3 8 3 118 169
3 19 1 354 -1
3 23 3 365 -1
3 10 22 92 -1
2 27
2 18
3 6 24 384 -1
3 12 27 394 -1
16
0 32
1 9
21 20 8
10 18 9
20 25 2
11 29 10
26 29 3
22 27 7
32 30 1
2 10 12
16 30 1
1 4
2 31 10
13 17 4
26 2 8
10 13 1
1 9
4 6 5
21 9 5
6 13 12
21 4 12
5 16 5
8 12 10
18 5 4
18 23 12
5 28 1
1 10
29 28 8
20 15 1
23 17 10
7 26 5
23 31 5
16 15 6
25 6 6
32 25 9
31 24 10
32 28 3
2 22
2 12
3 10 30 284 57
1 4
1 27 2
4 11 7
17 27 1
3 19 4
2 4
3 24 30 205 494
1 8
8 9 2
22 24 1
3 9 2
19 24 12
7 1 2
22 3 8
7 15 5
12 30 3
1 2
19 1 1
14 8 10
2 3
3 32 11 98 342
3 24 5 264 88
17
0 34
1 10
29 10 12
6 24 1
32 24 11
24 14 10
26 28 10
26 17 4
21 16 6
29 22 2
33 3 8
10 20 4
1 7
20 29 13
13 20 12
15 17 3
31 8 8
9 6 11
7 13 2
4 26 13
1 6
23 15 11
17 19 3
8 22 4
3 14 6
21 14 15
34 23 13
1 10
13 2 10
15 22 15
5 3 14
28 34 8
10 27 8
8 30 4
28 21 5
27 7 9
1 30 13
32 4 7
2 20
2 34
3 31 22 127 152
1 4
9 1 7
4 9 14
11 16 9
7 25 10
3 26 7 188 836
2 8
1 6
16 12 7
1 18 12
30 2 10
5 6 4
33 25 10
2 5 4
3 29 18 70 665
3 2 23 84 836
3 13 34 216 628
2 17
3 22 14 69 684
18
0 36
1 5
5 16 14
31 2 16
26 12 7
26 17 5
14 21 15
1 4
21 12 1
26 31 5
16 20 16
24 23 9
1 8
3 18 15
32 9 6
1 20 15
18 24 15
29 33 7
17 4 15
19 4 6
16 32 10
1 8
23 35 3
6 1 8
6 11 3
6 13 13
2 29 5
10 23 11
25 18 8
14 28 15
2 21
2 28
3 28 4 148 1083
2 19
3 35 25 297 380
1 10
10 11 11
34 21 3
36 3 11
7 32 6
10 3 2
33 12 7
5 34 1
29 4 8
9 8 10
20 5 8
3 32 29 326 494
3 9 19 251 686
1 9
11 2 15
30 19 1
14 17 16
35 8 10
27 36 2
19 13 12
27 35 16
30 13 6
7 27 6
3 26 5 87 152
3 32 18 381 399
2 27
3 8 1 360 532
19
0 40
1 3
28 40 4
31 25 15
28 29 4
1 14
30 3 2
3 34 2
28 25 1
21 31 6
28 26 1
40 16 3
33 14 13
12 30 6
9 32 20
37 15 6
29 36 4
14 29 11
11 14 8
35 13 8
1 10
3 16 12
24 26 19
35 36 6
37 35 1
23 39 8
13 22 12
40 8 2
20 2 15
34 2 15
17 33 17
1 13
14 5 15
32 29 20
39 5 11
20 26 6
1 8 5
27 34 18
37 31 12
26 11 19
17 15 13
2 5 11
37 9 8
36 17 13
30 8 8
2 37
2 39
3 5 17 158 741
3 40 21 235 285
2 2
2 35
1 11
13 16 12
36 10 18
23 6 7
39 16 8
13 24 2
2 18 1
18 12 6
21 8 14
30 4 20
31 12 15
33 27 4
2 28
3 37 28 251 4
1 12
9 17 20
35 22 11
23 19 15
22 12 8
25 1 16
34 15 5
6 11 11
5 11 13
10 39 19
20 1 14
10 1 4
32 6 13
3 15 2 269 95
3 19 34 157 801
3 30 32 76 722
3 39 12 180 202
19
0 40
1 9
19 21 17
28 12 4
33 9 4
39 18 15
35 10 3
38 7 13
13 27 8
21 38 11
23 27 1
1 10
39 14 1
16 6 19
37 32 2
7 26 1
34 29 6
29 12 19
16 4 15
21 27 3
22 30 20
35 33 2
1 11
9 23 17
11 4 18
14 28 8
12 26 15
32 31 14
34 10 5
38 13 21
5 24 18
35 25 18
28 5 15
21 15 11
1 13
32 18 15
37 19 19
40 24 19
25 31 11
27 10 2
24 25 10
40 8 12
23 31 9
15 38 3
40 14 1
4 19 14
16 33 13
5 11 20
2 2
2 32
3 6 15 217 855
2 26
3 21 37 194 380
3 40 38 231 608
3 7 23 285 247
2 30
3 27 14 55 836
3 33 14 116 836
1 13
3 26 20
32 33 5
12 14 21
37 22 3
24 16 16
6 7 12
3 39 20
8 36 7
29 26 16
37 3 18
18 7 5
18 15 6
23 1 21
2 40
1 11
36 17 19
35 19 7
40 31 16
29 28 19
20 11 12
22 3 17
2 13 3
10 25 2
30 1 13
4 8 5
34 13 8
3 21 8 55 646
19
0 43
1 4
26 7 7
5 8 6
32 16 1
5 25 12
1 3
42 6 13
2 38 5
27 3 6
1 8
15 20 22
7 3 18
34 11 11
4 27 18
13 16 12
6 8 22
20 17 1
34 12 7
1 6
36 39 19
16 21 13
3 20 16
26 27 14
41 19 13
21 42 2
2 17
2 16
3 42 32 99 247
1 4
24 2 1
9 38 14
35 23 11
42 38 8
2 43
2 41
3 2 16 274 285
3 24 25 228 1102
3 32 25 406 931
2 4
1 11
15 19 21
1 4 20
22 5 18
20 12 4
18 13 5
27 25 14
32 39 3
5 3 17
30 29 20
2 19 17
25 35 20
3 36 7 443 1458
1 8
43 36 18
15 35 4
34 21 16
9 40 22
37 9 1
22 1 18
12 8 17
9 42 5
3 7 37 181 1197
19
0 50
1 8
14 41 18
13 3 20
48 17 2
42 28 14
24 10 8
21 10 20
27 7 13
36 23 18
1 18
39 3 17
47 33 6
15 17 22
1 16 3
11 21 14
39 38 18
2 21 7
35 4 2
32 21 8
13 4 7
33 21 14
3 30 13
4 46 10
45 13 7
42 3 16
43 1 18
35 50 16
27 30 8
1 4
35 7 7
37 19 3
17 26 2
33 44 19
1 16
28 32 1
8 1 5
20 9 4
32 8 19
26 34 23
8 45 20
12 1 21
13 5 14
34 25 23
33 46 11
39 44 22
30 16 13
8 14 22
27 39 21
23 14 23
34 12 14
2 24
2 18
3 14 1 105 513
2 39
3 12 5 86 1273
3 26 7 147 1805
3 26 42 220 1729
1 5
37 41 13
13 11 22
15 38 12
12 16 3
34 31 22
3 39 12 273 608
1 10
19 30 15
37 18 10
38 4 19
32 15 16
7 38 14
35 26 2
7 33 7
11 35 2
25 26 9
11 40 12
1 4
14 19 10
27 16 5
8 28 1
43 2 10
3 38 45 235 494
1 17
43 42 6
31 46 3
15 19 2
22 4 21
15 26 17
39 29 22
1 18 18
38 9 3
23 49 15
12 46 2
48 30 22
32 43 14
6 5 4
22 46 23
17 9 6
23 37 16
11 45 15
3 50 41 106 969
21
0 51
1 12
19 9 9
31 21 21
48 42 3
4 12 19
21 50 21
14 27 16
8 23 12
31 23 20
44 22 6
43 46 18
7 30 12
23 44 16
1 14
3 39 21
15 1 13
13 37 14
31 51 12
46 28 9
27 17 20
1 42 8
13 14 8
35 34 12
16 50 21
49 45 6
14 17 13
38 8 22
28 34 6
1 14
27 44 4
37 33 4
13 42 22
25 6 9
2 17 13
40 1 5
43 11 12
47 36 5
6 46 7
15 22 19
18 20 20
38 19 19
6 30 24
37 12 22
1 16
7 4 11
25 18 23
11 2 11
38 20 7
18 34 16
42 20 10
47 8 6
7 5 7
51 43 15
28 4 19
41 11 1
5 16 17
44 4 5
10 4 12
11 47 5
25 27 12
2 17
2 32
3 18 46 269 418
2 49
1 16
34 40 5
6 22 14
41 8 20
5 2 7
46 23 18
35 40 6
23 11 11
41 45 18
27 8 6
46 18 2
18 40 22
28 7 14
20 22 8
13 40 5
42 33 22
21 37 17
1 6
33 14 6
22 48 13
50 6 21
29 34 14
19 41 11
45 21 23
3 11 29 219 931
2 37
2 26
3 4 46 167 475
1 16
25 32 22
9 48 7
24 36 15
38 2 3
19 7 19
29 50 14
44 24 20
41 2 15
37 38 23
16 1 17
45 13 2
50 48 4
33 15 6
5 17 12
17 49 22
31 26 19
3 26 47 214 950
1 5
9 15 4
3 48 8
24 26 19
25 26 21
15 26 19
3 15 13 164 228
2 21
3 1 42 133 152
21
0 53
1 12
30 42 6
16 7 21
35 32 23
38 29 16
31 25 25
34 4 8
40 4 21
37 24 2
40 32 3
33 10 17
35 46 16
25 44 21
1 8
34 44 4
37 29 3
28 48 20
24 51 6
14 35 10
30 22 13
42 28 16
31 11 12
1 15
24 46 2
25 39 20
49 27 16
29 40 21
28 34 8
31 14 15
35 22 2
15 41 6
28 36 17
53 23 11
47 49 6
30 41 2
24 50 20
51 18 25
17 14 11
1 12
41 12 15
10 48 11
29 32 7
52 33 23
21 40 23
13 14 20
10 28 3
36 5 25
11 26 14
38 34 20
37 40 12
2 16 6
2 34
2 44
3 52 40 89 1520
2 17
2 39
3 17 39 102 1349
2 40
2 7
1 13
51 32 10
42 23 13
3 16 15
8 11 20
20 23 24
2 8 16
49 13 1
12 52 18
39 24 13
52 16 6
5 39 9
45 48 7
8 43 6
2 42
1 13
18 2 17
39 50 16
51 22 22
53 14 21
38 36 13
18 32 3
23 33 24
49 43 23
5 9 14
36 34 4
42 12 7
43 53 5
4 52 12
2 20
1 16
13 38 14
53 49 1
37 10 14
35 2 8
3 15 2
19 38 5
1 10 20
2 42 5
21 22 8
1 22 1
1 12 24
29 53 15
9 12 1
26 16 22
25 11 6
13 52 18
3 45 50 139 988
2 2
3 22 30 113 247
21
0 60
1 17
15 38 1
14 48 23
6 51 12
19 2 10
33 15 25
10 58 3
54 22 4
18 6 10
35 37 11
9 3 2
51 18 23
1 48 25
26 1 11
27 22 23
15 36 2
7 59 6
40 45 25
1 18
33 53 19
50 21 6
27 28 23
40 46 7
52 35 7
46 31 3
19 40 8
39 12 9
25 23 12
14 6 2
6 39 19
58 22 23
58 13 2
18 5 5
24 18 25
6 26 8
45 32 7
51 19 21
1 9
5 26 23
49 56 3
17 27 16
55 48 18
31 51 17
12 6 8
57 11 12
53 28 14
12 47 24
1 13
14 40 14
42 10 21
35 55 4
56 22 10
36 13 19
39 53 6
50 41 8
36 26 24
31 25 3
7 26 8
30 36 12
38 22 20
60 2 21
2 6
2 28
3 49 19 235 1596
3 45 49 289 1881
2 34
2 14
3 19 10 137 1463
2 18
3 1 24 105 876
2 16
1 15
33 18 6
24 25 21
16 59 12
38 31 1
35 43 15
9 12 23
10 1 18
24 21 20
59 33 5
37 44 23
3 40 14
49 33 3
33 3 14
25 7 22
25 32 10
3 28 37 113 1805
3 47 50 165 1617
1 21
27 11 3
22 5 7
57 23 13
24 20 3
55 20 1
52 2 14
53 29 19
18 4 14
42 36 25
39 9 5
4 40 7
20 32 3
36 2 15
55 13 19
1 35 3
31 43 13
11 30 22
35 7 4
49 39 17
20 52 25
58 16 15
1 8
44 49 14
5 17 4
26 44 10
58 3 15
55 56 20
28 32 19
17 60 11
17 10 16
3 36 10 109 399
21
0 61
1 5
15 54 18
16 40 22
14 49 13
32 39 6
43 22 22
1 14
30 48 16
29 42 15
39 15 13
57 36 21
27 53 11
1 54 5
20 44 24
56 52 13
26 60 8
11 52 5
21 3 12
33 37 6
52 37 10
13 16 11
1 11
60 45 23
35 56 17
43 7 9
10 53 2
33 26 22
23 53 11
35 4 12
46 45 22
45 53 18
57 17 6
44 26 9
1 8
50 37 22
38 24 13
23 38 8
46 49 7
49 10 9
8 21 12
47 42 14
41 44 9
2 6
2 53
3 20 33 71 1045
2 45
3 56 33 203 361
2 7
2 33
1 18
20 25 10
50 31 3
51 20 15
14 53 22
33 18 18
48 18 3
4 18 10
16 57 10
29 36 21
20 13 22
27 50 9
39 47 3
39 56 2
42 36 3
18 5 22
29 59 18
29 16 25
3 43 5
3 51 13 89 703
3 39 36 106 323
1 12
50 15 3
39 54 7
45 34 24
10 30 12
49 12 22
43 25 18
24 51 11
52 9 3
6 51 3
51 59 25
14 30 4
25 27 20
3 52 24 133 1539
2 27
3 56 27 228 285
2 15
3 25 46 76 931
21
0 62
1 21
36 21 14
48 2 12
31 57 12
7 24 7
2 18 13
35 52 6
8 7 19
19 29 17
43 34 16
9 28 13
5 4 11
44 54 11
33 8 15
44 30 18
16 31 22
46 57 25
41 32 3
20 30 12
55 19 22
1 30 4
51 53 23
1 14
23 24 22
28 38 22
46 58 4
16 23 11
56 59 21
61 21 4
32 56 16
23 38 18
10 61 3
41 55 12
3 2 13
56 7 19
14 34 12
8 24 8
1 19
2 1 5
57 27 19
42 22 24
46 2 24
10 4 15
32 7 18
49 37 11
12 29 18
14 37 18
59 54 13
33 51 6
51 7 7
58 18 17
43 10 11
26 12 12
14 36 8
53 49 25
18 6 19
10 59 23
1 16
43 20 5
6 23 20
30 8 4
54 58 9
51 59 9
30 34 18
36 51 19
42 52 18
3 27 12
37 33 3
55 13 9
20 10 23
16 35 25
7 2 20
16 27 23
50 41 7
2 41
2 30
3 54 56 219 646
1 19
32 40 12
1 13 16
37 36 19
19 32 4
8 62 5
30 17 9
3 55 19
8 6 19
4 35 5
51 56 25
57 17 4
20 46 15
15 47 12
22 53 13
58 14 12
46 28 3
19 23 13
11 43 5
31 34 3
1 21
35 50 17
32 62 16
48 33 16
47 41 11
9 17 11
29 39 16
54 60 25
6 53 25
56 23 25
14 57 15
50 33 11
57 38 6
25 28 12
27 6 19
12 35 25
28 58 21
4 12 20
9 21 9
10 6 18
20 33 4
49 24 17
1 8
27 49 3
3 29 7
17 25 19
19 15 25
20 9 17
18 28 23
61 49 5
56 22 4
3 11 52 283 589
3 22 5 240 1007
1 17
54 27 4
48 35 4
58 1 16
45 42 10
3 9 11
18 60 18
60 31 25
16 13 17
37 55 24
55 31 24
17 5 16
19 46 16
52 59 13
17 34 6
45 5 11
4 22 20
40 29 10
1 13
44 50 18
25 45 9
48 5 13
34 52 4
52 22 25
12 25 5
4 45 25
36 42 7
47 3 16
26 11 11
41 45 11
54 41 16
53 25 10
2 29
3 34 43 254 304
3 52 26 51 684
1 13
22 49 25
13 15 23
61 50 7
52 13 3
31 50 11
36 39 20
1 25 4
37 53 21
12 62 6
5 1 15
38 45 25
5 13 11
39 24 6
3 5 57 270 266
3 61 60 77 703
21
0 63
1 15
41 48 21
55 56 19
35 50 12
34 57 30
26 20 20
47 48 9
62 55 21
25 11 30
26 45 25
20 61 14
19 48 20
13 11 15
57 30 24
52 18 9
1 36 30
1 20
8 29 24
61 26 27
39 10 23
29 44 17
15 62 13
29 6 21
44 56 9
62 20 23
23 26 16
3 62 14
31 28 26
31 13 7
36 24 17
35 57 28
17 8 21
20 2 26
54 27 10
44 8 22
63 35 18
33 9 30
1 12
3 16 10
4 2 19
3 13 15
38 1 25
55 53 10
62 45 20
20 18 8
50 41 9
45 35 21
30 32 13
32 45 27
57 13 26
1 5
6 32 19
34 38 13
55 52 12
36 44 7
32 63 10
2 21
2 6
3 56 61 406 798
2 41
1 12
21 5 18
15 2 21
48 61 19
46 44 23
33 15 29
34 36 13
17 55 29
41 52 28
50 7 23
50 47 14
17 16 27
38 52 26
3 34 2 431 1235
3 55 26 125 931
1 10
43 61 27
2 31 29
54 56 13
28 39 29
31 62 22
23 50 8
36 7 17
9 24 27
3 7 21
47 10 20
1 20
46 35 9
34 25 30
40 32 20
49 45 28
11 55 22
34 10 23
25 9 12
30 60 7
44 25 22
29 22 24
9 60 8
46 13 8
47 11 19
34 4 11
31 39 8
11 17 14
50 25 16
26 10 24
6 59 9
52 20 7
3 50 26 387 152
3 59 62 105 1425
3 38 46 387 817
2 24
2 34
1 12
32 54 25
56 41 10
31 48 23
35 21 23
6 11 21
14 49 21
48 58 28
27 19 25
56 17 27
7 39 7
19 8 20
57 63 21
3 1 63 234 1520
22
0 70
1 15
23 60 15
10 67 11
32 41 24
2 65 20
70 48 25
61 38 10
16 56 30
56 22 22
57 9 21
38 13 23
34 4 10
2 24 21
17 22 17
24 65 21
50 69 14
1 21
56 21 18
26 59 24
24 7 17
39 53 20
1 20 22
67 12 21
66 46 25
59 1 18
44 50 25
45 17 14
33 8 19
23 49 30
22 47 24
12 41 15
55 64 17
30 9 24
28 9 27
67 25 16
29 2 24
68 5 18
66 27 14
1 15
1 12 12
59 48 28
68 41 15
68 20 30
69 70 23
18 66 21
43 42 10
63 21 30
24 62 19
25 41 30
21 11 28
59 44 28
59 30 24
31 34 18
47 56 13
1 20
15 47 27
59 16 18
48 26 12
34 69 29
25 51 15
11 66 14
34 9 29
34 35 14
30 24 21
55 24 30
57 24 20
68 33 18
48 36 10
65 59 21
38 29 28
55 18 10
45 68 11
54 37 21
33 69 30
39 69 17
2 16
2 68
3 57 62 121 741
3 24 67 409 1425
3 32 47 287 1995
3 24 30 181 399
2 24
1 10
45 28 13
2 61 24
53 33 12
3 54 26
62 10 27
22 41 10
15 64 10
21 8 18
14 60 16
30 40 26
3 4 20 232 2223
1 18
52 34 25
25 50 18
53 30 11
39 30 19
3 61 10
12 60 24
47 34 23
54 38 15
16 19 28
16 26 17
33 6 23
47 46 24
13 20 22
47 19 15
37 55 30
3 22 21
52 14 28
15 60 17
3 59 68 141 1140
1 24
62 26 14
36 62 25
39 55 16
65 1 13
22 58 17
51 54 24
41 42 18
36 30 30
64 49 18
65 10 24
53 12 14
58 23 19
20 2 20
32 3 19
48 43 28
47 63 23
49 29 10
70 1 18
64 8 16
10 4 11
27 33 10
2 15 14
23 64 10
28 4 24
1 13
11 41 14
58 65 16
44 15 13
44 11 17
61 12 22
5 43 11
44 35 16
42 69 15
68 56 27
54 45 20
52 53 23
49 8 28
32 19 14
2 52
1 21
55 65 12
63 46 22
42 19 13
29 27 23
60 49 10
9 51 24
46 53 27
61 7 23
70 15 26
46 26 29
1 42 11
28 66 21
16 32 26
49 12 10
18 37 19
67 49 24
36 38 18
29 21 11
9 2 17
15 11 30
8 38 14
1 6
35 16 15
14 61 29
53 37 29
29 1 21
19 35 12
36 40 29
3 23 44 136 627
